0.000000000000000000e+00
7.000000000000000000e+00
1.000000000000000000e+01
4.000000000000000000e+00
3.000000000000000000e+00
-7.368434443842662631e+02
0.000000000000000000e+00
7.000000000000000000e+00
1.000000000000000000e+01
4.000000000000000000e+00
3.000000000000000000e+00
-7.368434443842662631e+02
0.000000000000000000e+00
7.000000000000000000e+00
1.000000000000000000e+01
4.000000000000000000e+00
3.000000000000000000e+00
-7.368434443842662631e+02
0.000000000000000000e+00
7.000000000000000000e+00
1.000000000000000000e+01
4.000000000000000000e+00
3.000000000000000000e+00
-7.347434443842663541e+02
0.000000000000000000e+00
7.000000000000000000e+00
-1.000000000000000000e+01
4.000000000000000000e+00
3.000000000000000000e+00
-7.347434443842663541e+02
0.000000000000000000e+00
0.000000000000000000e+00
-1.000000000000000000e+01
4.000000000000000000e+00
3.000000000000000000e+00
-7.347434443842663541e+02
0.000000000000000000e+00
0.000000000000000000e+00
-1.000000000000000000e+01
4.000000000000000000e+00
3.000000000000000000e+00
-7.347434443842663541e+02
0.000000000000000000e+00
0.000000000000000000e+00
-1.000000000000000000e+01
4.000000000000000000e+00
3.000000000000000000e+00
0.000000000000000000e+00
0.000000000000000000e+00
0.000000000000000000e+00
-1.000000000000000000e+01
4.000000000000000000e+00
3.000000000000000000e+00
0.000000000000000000e+00
0.000000000000000000e+00
0.000000000000000000e+00
-1.000000000000000000e+01
4.000000000000000000e+00
3.000000000000000000e+00
0.000000000000000000e+00
0.000000000000000000e+00
0.000000000000000000e+00
-1.000000000000000000e+01
4.000000000000000000e+00
3.000000000000000000e+00
0.000000000000000000e+00
