  0.41   0.14   0.21   0.21   0.05   0.03   0.10
  0.41   0.15   0.21   0.21   0.05   0.03   0.10
  0.41   0.15   0.21   0.21   0.05   0.03   0.10
  0.41   0.16   0.21   0.21   0.05   0.03   0.10
  0.41   0.16   0.21   0.21   0.05   0.03   0.10
  0.41   0.16   0.21   0.21   0.05   0.03   0.10
  0.41   0.17   0.21   0.21   0.05   0.03   0.10
  0.41   0.17   0.21   0.21   0.05   0.03   0.10
  0.41   0.18   0.21   0.21   0.05   0.03   0.10
  0.41   0.18   0.21   0.21   0.05   0.03   0.10
  0.41   0.19   0.21   0.21   0.05   0.03   0.10
  0.41   0.19   0.21   0.21   0.05   0.03   0.10
  0.41   0.19   0.21   0.21   0.05   0.03   0.10
  0.41   0.20   0.21   0.21   0.05   0.03   0.10
  0.41   0.20   0.21   0.21   0.05   0.03   0.10
  0.41   0.21   0.21   0.21   0.05   0.03   0.10
  0.41   0.21   0.21   0.21   0.05   0.03   0.10
  0.41   0.22   0.21   0.21   0.05   0.03   0.10
  0.41   0.22   0.21   0.21   0.05   0.03   0.10
  0.41   0.22   0.21   0.21   0.05   0.03   0.10
  0.41   0.23   0.21   0.21   0.05   0.03   0.10
  0.41   0.23   0.21   0.21   0.05   0.03   0.10
  0.41   0.24   0.21   0.21   0.05   0.03   0.10
  0.41   0.24   0.21   0.21   0.05   0.03   0.10
  0.41   0.25   0.21   0.21   0.05   0.03   0.10
  0.41   0.25   0.21   0.21   0.05   0.03   0.10
  0.41   0.25   0.21   0.21   0.05   0.03   0.10
  0.41   0.26   0.21   0.21   0.05   0.03   0.10
  0.41   0.26   0.21   0.21   0.05   0.03   0.10
  0.41   0.27   0.21   0.21   0.05   0.03   0.10
  0.41   0.27   0.21   0.21   0.05   0.03   0.10
  0.41   0.28   0.21   0.21   0.05   0.03   0.10
  0.41   0.28   0.21   0.21   0.05   0.03   0.10
  0.41   0.28   0.21   0.21   0.05   0.03   0.10
  0.41   0.29   0.21   0.21   0.05   0.03   0.10
  0.41   0.29   0.21   0.21   0.05   0.03   0.10
  0.41   0.30   0.21   0.21   0.05   0.03   0.10
  0.41   0.30   0.21   0.21   0.05   0.03   0.10
  0.41   0.31   0.21   0.21   0.05   0.03   0.10
  0.41   0.31   0.21   0.21   0.05   0.03   0.10
  0.41   0.32   0.21   0.21   0.05   0.03   0.10
  0.41   0.32   0.21   0.21   0.05   0.03   0.10
  0.41   0.32   0.21   0.21   0.05   0.03   0.10
  0.41   0.33   0.21   0.21   0.05   0.03   0.10
  0.41   0.33   0.21   0.21   0.05   0.03   0.10
  0.41   0.34   0.21   0.21   0.05   0.03   0.10
  0.41   0.34   0.21   0.21   0.05   0.03   0.10
  0.41   0.35   0.21   0.21   0.05   0.03   0.10
  0.41   0.35   0.21   0.21   0.05   0.03   0.10
  0.41   0.35   0.21   0.21   0.05   0.03   0.10
  0.41   0.36   0.21   0.21   0.05   0.03   0.10
  0.41   0.36   0.21   0.21   0.05   0.03   0.10
  0.41   0.37   0.21   0.21   0.05   0.03   0.10
  0.41   0.37   0.21   0.21   0.05   0.03   0.10
  0.41   0.38   0.21   0.21   0.05   0.03   0.10
  0.41   0.38   0.21   0.21   0.05   0.03   0.10
  0.41   0.38   0.21   0.21   0.05   0.03   0.10
  0.41   0.39   0.21   0.21   0.05   0.03   0.10
  0.41   0.39   0.21   0.21   0.05   0.03   0.10
  0.41   0.40   0.21   0.21   0.05   0.03   0.10
  0.41   0.40   0.21   0.21   0.05   0.03   0.10
  0.41   0.41   0.21   0.21   0.05   0.03   0.10
  0.41   0.41   0.21   0.21   0.05   0.03   0.10
  0.41   0.41   0.21   0.21   0.05   0.03   0.10
  0.41   0.42   0.21   0.21   0.05   0.03   0.10
  0.41   0.42   0.21   0.21   0.05   0.03   0.10
  0.41   0.43   0.21   0.21   0.05   0.03   0.10
  0.41   0.43   0.21   0.21   0.05   0.03   0.10
  0.41   0.44   0.21   0.21   0.05   0.03   0.10
  0.41   0.44   0.21   0.21   0.05   0.03   0.10
  0.41   0.44   0.21   0.21   0.05   0.03   0.10
  0.41   0.45   0.21   0.21   0.05   0.03   0.10
  0.41   0.45   0.21   0.21   0.05   0.03   0.10
  0.41   0.46   0.21   0.21   0.05   0.03   0.10
  0.41   0.46   0.21   0.21   0.05   0.03   0.10
  0.41   0.47   0.21   0.21   0.05   0.03   0.10
  0.41   0.47   0.21   0.21   0.05   0.03   0.10
  0.41   0.47   0.21   0.21   0.05   0.03   0.10
  0.41   0.48   0.21   0.21   0.05   0.03   0.10
  0.41   0.48   0.21   0.21   0.05   0.03   0.10
  0.41   0.49   0.21   0.21   0.05   0.03   0.10
  0.41   0.49   0.21   0.21   0.05   0.03   0.10
  0.41   0.50   0.21   0.21   0.05   0.03   0.10
  0.41   0.50   0.21   0.21   0.05   0.03   0.10
  0.41   0.50   0.21   0.21   0.05   0.03   0.10
  0.41   0.51   0.21   0.21   0.05   0.03   0.10
  0.41   0.51   0.21   0.21   0.05   0.03   0.10
  0.41   0.52   0.21   0.21   0.05   0.03   0.10
  0.41   0.52   0.21   0.21   0.05   0.03   0.10
  0.41   0.53   0.21   0.21   0.05   0.03   0.10
  0.41   0.53   0.21   0.21   0.05   0.03   0.10
  0.41   0.53   0.21   0.21   0.05   0.03   0.10
  0.41   0.54   0.21   0.21   0.05   0.03   0.10
  0.41   0.54   0.21   0.21   0.05   0.03   0.10
  0.41   0.55   0.21   0.21   0.05   0.03   0.10
  0.41   0.55   0.21   0.21   0.05   0.03   0.10
  0.41   0.56   0.21   0.21   0.05   0.03   0.10
  0.41   0.56   0.21   0.21   0.05   0.03   0.10
  0.41   0.56   0.21   0.21   0.05   0.03   0.10
  0.41   0.57   0.21   0.21   0.05   0.03   0.10
  0.41   0.57   0.21   0.21   0.05   0.03   0.10
  0.41   0.58   0.21   0.21   0.05   0.03   0.10
  0.41   0.58   0.21   0.21   0.05   0.03   0.10
  0.41   0.59   0.21   0.21   0.05   0.03   0.10
  0.41   0.59   0.21   0.21   0.05   0.03   0.10
  0.41   0.60   0.21   0.21   0.05   0.03   0.10
  0.41   0.60   0.21   0.21   0.05   0.03   0.10
  0.41   0.60   0.21   0.21   0.05   0.03   0.10
  0.41   0.61   0.21   0.21   0.05   0.03   0.10
  0.41   0.61   0.21   0.21   0.05   0.03   0.10
  0.41   0.62   0.21   0.21   0.05   0.03   0.10
  0.41   0.62   0.21   0.21   0.05   0.03   0.10
  0.41   0.63   0.21   0.21   0.05   0.03   0.10
  0.41   0.63   0.21   0.21   0.05   0.03   0.10
  0.41   0.63   0.21   0.21   0.05   0.03   0.10
  0.41   0.64   0.21   0.21   0.05   0.03   0.10
  0.41   0.64   0.21   0.21   0.05   0.03   0.10
  0.41   0.65   0.21   0.21   0.05   0.03   0.10
  0.41   0.65   0.21   0.21   0.05   0.03   0.10
  0.41   0.66   0.21   0.21   0.05   0.03   0.10
  0.41   0.66   0.21   0.21   0.05   0.03   0.10
  0.41   0.66   0.21   0.21   0.05   0.03   0.10
  0.41   0.67   0.21   0.21   0.05   0.03   0.10
  0.41   0.67   0.21   0.21   0.05   0.03   0.10
  0.41   0.68   0.21   0.21   0.05   0.03   0.10
  0.41   0.68   0.21   0.21   0.05   0.03   0.10
  0.41   0.69   0.21   0.21   0.05   0.03   0.10
  0.41   0.69   0.21   0.21   0.05   0.03   0.10
  0.41   0.69   0.21   0.21   0.05   0.03   0.10
  0.41   0.70   0.21   0.21   0.05   0.03   0.10
  0.41   0.70   0.21   0.21   0.05   0.03   0.10
  0.41   0.71   0.21   0.21   0.05   0.03   0.10
  0.41   0.71   0.21   0.21   0.05   0.03   0.10
  0.41   0.72   0.21   0.21   0.05   0.03   0.10
  0.41   0.72   0.21   0.21   0.05   0.03   0.10
  0.41   0.72   0.21   0.21   0.05   0.03   0.10
  0.41   0.73   0.21   0.21   0.05   0.03   0.10
  0.41   0.73   0.21   0.21   0.05   0.03   0.10
  0.41   0.74   0.21   0.21   0.05   0.03   0.10
  0.41   0.74   0.21   0.21   0.05   0.03   0.10
  0.41   0.75   0.21   0.21   0.05   0.03   0.10
  0.41   0.75   0.21   0.21   0.05   0.03   0.10
  0.41   0.75   0.21   0.21   0.05   0.03   0.10
  0.41   0.76   0.21   0.21   0.05   0.03   0.10
  0.41   0.76   0.21   0.21   0.05   0.03   0.10
  0.41   0.77   0.21   0.21   0.05   0.03   0.10
  0.41   0.77   0.21   0.21   0.05   0.03   0.10
  0.41   0.78   0.21   0.21   0.05   0.03   0.10
  0.41   0.78   0.21   0.21   0.05   0.03   0.10
  0.41   0.78   0.21   0.21   0.05   0.03   0.10
  0.41   0.79   0.21   0.21   0.05   0.03   0.10
  0.41   0.79   0.21   0.21   0.05   0.03   0.10
  0.41   0.80   0.21   0.21   0.05   0.03   0.10
  0.41   0.80   0.21   0.21   0.05   0.03   0.10
  0.41   0.81   0.21   0.21   0.05   0.03   0.10
  0.41   0.81   0.21   0.21   0.05   0.03   0.10
  0.41   0.81   0.21   0.21   0.05   0.03   0.10
  0.41   0.82   0.21   0.21   0.05   0.03   0.10
  0.41   0.82   0.21   0.21   0.05   0.03   0.10
  0.41   0.83   0.21   0.21   0.05   0.03   0.10
  0.41   0.83   0.21   0.21   0.05   0.03   0.10
  0.41   0.84   0.21   0.21   0.05   0.03   0.10
  0.41   0.84   0.21   0.21   0.05   0.03   0.10
  0.41   0.84   0.21   0.21   0.05   0.03   0.10
  0.41   0.85   0.21   0.21   0.05   0.03   0.10
  0.41   0.85   0.21   0.21   0.05   0.03   0.10
  0.41   0.86   0.21   0.21   0.05   0.03   0.10
  0.41   0.86   0.21   0.21   0.05   0.03   0.10
  0.41   0.87   0.21   0.21   0.05   0.03   0.10
  0.41   0.87   0.21   0.21   0.05   0.03   0.10
  0.41   0.88   0.21   0.21   0.05   0.03   0.10
  0.41   0.88   0.21   0.21   0.05   0.03   0.10
  0.41   0.88   0.21   0.21   0.05   0.03   0.10
  0.41   0.89   0.21   0.21   0.05   0.03   0.10
  0.41   0.89   0.21   0.21   0.05   0.03   0.10
  0.41   0.90   0.21   0.21   0.05   0.03   0.10
  0.41   0.90   0.21   0.21   0.05   0.03   0.10
  0.41   0.91   0.21   0.21   0.05   0.03   0.10
  0.41   0.91   0.21   0.21   0.05   0.03   0.10
  0.41   0.91   0.21   0.21   0.05   0.03   0.10
  0.41   0.92   0.21   0.21   0.05   0.03   0.10
  0.41   0.92   0.21   0.21   0.05   0.03   0.10
  0.41   0.93   0.21   0.21   0.05   0.03   0.10
  0.41   0.93   0.21   0.21   0.05   0.03   0.10
  0.41   0.94   0.21   0.21   0.05   0.03   0.10
  0.41   0.94   0.21   0.21   0.05   0.03   0.10
  0.41   0.94   0.21   0.21   0.05   0.03   0.10
  0.41   0.95   0.21   0.21   0.05   0.03   0.10
  0.41   0.95   0.21   0.21   0.05   0.03   0.10
  0.41   0.96   0.21   0.21   0.05   0.03   0.10
  0.41   0.96   0.21   0.21   0.05   0.03   0.10
  0.41   0.97   0.21   0.21   0.05   0.03   0.10
  0.41   0.97   0.21   0.21   0.05   0.03   0.10
  0.41   0.97   0.21   0.21   0.05   0.03   0.10
  0.41   0.98   0.21   0.21   0.05   0.03   0.10
  0.41   0.98   0.21   0.21   0.05   0.03   0.10
  0.41   0.99   0.21   0.21   0.05   0.03   0.10
  0.41   0.99   0.21   0.21   0.05   0.03   0.10
  0.41   1.00   0.21   0.21   0.05   0.03   0.10
  0.41   1.00   0.21   0.21   0.05   0.03   0.10
